# Matter power spectrum P(k) at redshift z=1
# for k=1.05583e-05 to 105.69 h/Mpc,
# number of wavenumbers equal to 132
#    1:k (h/Mpc)              2:P (Mpc/h)^3        
       1.055825013550e-05       1.459108235851e+01 
       1.329204939967e-05       1.821322889014e+01 
       1.673369876406e-05       2.273453550701e+01 
       2.106647860739e-05       2.837818715173e+01 
       2.652112525586e-05       3.542275945069e+01 
       3.338811853397e-05       4.421593733412e+01 
       4.203315087442e-05       5.519162587903e+01 
       5.291660177358e-05       6.889127685392e+01 
       6.661805467855e-05       8.599041611916e+01 
       8.386716191912e-05       1.073315962608e+02 
       1.055825013550e-04       1.339652100496e+02 
       1.329204939967e-04       1.671998112680e+02 
       1.673369876406e-04       2.086637037112e+02 
       2.106647860739e-04       2.603794714051e+02 
       2.652112525586e-04       3.248525412094e+02 
       3.338811853397e-04       4.051734438830e+02 
       4.203315087442e-04       5.051306333135e+02 
       5.291660177358e-04       6.293262564249e+02 
       6.661805467855e-04       7.832817061731e+02 
       8.386716191912e-04       9.735148746261e+02 
       1.055825013550e-03       1.207564860217e+03 
       1.329204939967e-03       1.493903893676e+03 
       1.673369876406e-03       1.841585308825e+03 
       2.106647860739e-03       2.259642636198e+03 
       2.652112525586e-03       2.755762203991e+03 
       3.338811853397e-03       3.334469120206e+03 
       4.203315087442e-03       3.994518564986e+03 
       5.291660177358e-03       4.725252946115e+03 
       6.661805467855e-03       5.502077607098e+03 
       8.386716191912e-03       6.280969971155e+03 
       1.055825013550e-02       6.993183415927e+03 
       1.329204939967e-02       7.541348716977e+03 
       1.673369876401e-02       7.802294097534e+03 
       2.106647832521e-02       7.651540118914e+03 
       2.652093720756e-02       7.022534257194e+03 
       3.336476225328e-02       6.010492082962e+03 
       4.132876331327e-02       4.982437631006e+03 
       4.786333859770e-02       4.391547751469e+03 
       5.263786138157e-02       4.088162642473e+03 
       5.660399909917e-02       3.892343495040e+03 
       6.015891045584e-02       3.741542276300e+03 
       6.348193975586e-02       3.608769751614e+03 
       6.666896154422e-02       3.480114487124e+03 
       6.977787413653e-02       3.347980361933e+03 
       7.284691362574e-02       3.208730306184e+03 
       7.590314258047e-02       3.061085859515e+03 
       7.896682294762e-02       2.906281391402e+03 
       8.205385790546e-02       2.746630806268e+03 
       8.517724439441e-02       2.585790965221e+03 
       8.834798208872e-02       2.427952406911e+03 
       9.157566623284e-02       2.277367320661e+03 
       9.486888769795e-02       2.137984163717e+03 
       9.823551066211e-02       2.012837177384e+03 
       1.016828698649e-01       1.903933192684e+03 
       1.052179133776e-01       1.811787735151e+03 
       1.088473074605e-01       1.735535817976e+03 
       1.125775144108e-01       1.672833743657e+03 
       1.164148507727e-01       1.620002210988e+03 
       1.203655310360e-01       1.572400433091e+03 
       1.244357004822e-01       1.524971357457e+03 
       1.286314598825e-01       1.473013323014e+03 
       1.329588841053e-01       1.413099128439e+03 
       1.374240362707e-01       1.343808336527e+03 
       1.420329788040e-01       1.266322276945e+03 
       1.467917825545e-01       1.184079891551e+03 
       1.517065350254e-01       1.102166929254e+03 
       1.567833486852e-01       1.025918401441e+03 
       1.620283702805e-01       9.596977619293e+02 
       1.674477920432e-01       9.057177125958e+02 
       1.730478656632e-01       8.634584770459e+02 
       1.788349198874e-01       8.297803706847e+02 
       1.848153825956e-01       8.001048863465e+02 
       1.909958082005e-01       7.688577533414e+02 
       1.973829112238e-01       7.318709471678e+02 
       2.039836069119e-01       6.883605605700e+02 
       2.108050597927e-01       6.410871245824e+02 
       2.178547411308e-01       5.947560810517e+02 
       2.251404963408e-01       5.537031190278e+02 
       2.326706235702e-01       5.203587690823e+02 
       2.404539648816e-01       4.942403578805e+02 
       2.485000117768e-01       4.719902138482e+02 
       2.568190272299e-01       4.493782355225e+02 
       2.654221869677e-01       4.237531879998e+02 
       2.743217435010e-01       3.953749542082e+02 
       2.835312174188e-01       3.671407364061e+02 
       2.930656217921e-01       3.423627229331e+02 
       3.029417273049e-01       3.220782684267e+02 
       3.131783780839e-01       3.047254866974e+02 
       3.237968713704e-01       2.876224260336e+02 
       3.348214184703e-01       2.691829344274e+02 
       3.462797103251e-01       2.503305904692e+02 
       3.582036192599e-01       2.329695115330e+02 
       3.706300800709e-01       2.180722679670e+02 
       3.836022102606e-01       2.045531290546e+02 
       3.971707535380e-01       1.909994263832e+02 
       4.113959668400e-01       1.772899511353e+02 
       4.263501259916e-01       1.644423402455e+02 
       4.421209102537e-01       1.528544793212e+02 
       4.588160614163e-01       1.418836965118e+02 
       4.765699344283e-01       1.309769818587e+02 
       4.955529295309e-01       1.205551324773e+02 
       5.159854462318e-01       1.108713745668e+02 
       5.381591781551e-01       1.014333285059e+02 
       5.624707995311e-01       9.226624621287e+01 
       5.894775350585e-01       8.349300086009e+01 
       6.199934557371e-01       7.486147080744e+01 
       6.552663243720e-01       6.639676520741e+01 
       6.973252581956e-01       5.794278140452e+01 
       7.497191308563e-01       4.938953900964e+01 
       8.192099334470e-01       4.054420203227e+01 
       9.197639947182e-01       3.124042780541e+01 
       1.079599244655e+00       2.166793548089e+01 
       1.332318999171e+00       1.329148889094e+01 
       1.675102486433e+00       7.731152615881e+00 
       2.108791753286e+00       4.441424522003e+00 
       2.654811403722e+00       2.529799979897e+00 
       3.342209539611e+00       1.429902954118e+00 
       4.207592520958e+00       8.026078338333e-01 
       5.297045147109e+00       4.476561065402e-01 
       6.668584743116e+00       2.482380049850e-01 
       8.395250793812e+00       1.369247774101e-01 
       1.056899456272e+01       7.515772183508e-02 
       1.330557583212e+01       4.106759943122e-02 
       1.675072753361e+01       2.234621760239e-02 
       2.108791655810e+01       1.211136584297e-02 
       2.654811403678e+01       6.539774397109e-03 
       3.342209539611e+01       3.518445730062e-03 
       4.207592520958e+01       1.886073254622e-03 
       5.297045147109e+01       1.007267592134e-03 
       6.668584743116e+01       5.357176916544e-04 
       8.395250793812e+01       2.835632458985e-04 
       1.056899456272e+02       1.492063573332e-04 
