# Matter power spectrum P(k) at redshift z=1
# for k=1.05583e-05 to 105.69 h/Mpc,
# number of wavenumbers equal to 132
#    1:k (h/Mpc)              2:P (Mpc/h)^3        
       1.055825013550e-05       1.459108235851e+01 
       1.329204939967e-05       1.821322889014e+01 
       1.673369876406e-05       2.273453550701e+01 
       2.106647860739e-05       2.837818715173e+01 
       2.652112525586e-05       3.542275945069e+01 
       3.338811853397e-05       4.421593733412e+01 
       4.203315087442e-05       5.519162587903e+01 
       5.291660177358e-05       6.889127685392e+01 
       6.661805467855e-05       8.599041611916e+01 
       8.386716191912e-05       1.073315962608e+02 
       1.055825013550e-04       1.339652100496e+02 
       1.329204939967e-04       1.671998112680e+02 
       1.673369876406e-04       2.086637037112e+02 
       2.106647860739e-04       2.603794714051e+02 
       2.652112525586e-04       3.248525412094e+02 
       3.338811853397e-04       4.051734438830e+02 
       4.203315087442e-04       5.051306333135e+02 
       5.291660177358e-04       6.293262564249e+02 
       6.661805467855e-04       7.832817061731e+02 
       8.386716191912e-04       9.735148746261e+02 
       1.055825013550e-03       1.207564860217e+03 
       1.329204939967e-03       1.493903893676e+03 
       1.673369876406e-03       1.841585308825e+03 
       2.106647860739e-03       2.259642636198e+03 
       2.652112525586e-03       2.755762203991e+03 
       3.338811853397e-03       3.334469120206e+03 
       4.203315087442e-03       3.994518564986e+03 
       5.291660177358e-03       4.718575421863e+03 
       6.661805467855e-03       5.492376940765e+03 
       8.386716191912e-03       6.267212776574e+03 
       1.055825013550e-02       6.974283130969e+03 
       1.329204939967e-02       7.516469056158e+03 
       1.673369876401e-02       7.771413800061e+03 
       2.106647832521e-02       7.616224260878e+03 
       2.652093720756e-02       6.986519868526e+03 
       3.336476225328e-02       5.979200616222e+03 
       4.132876331327e-02       4.960193302030e+03 
       4.786333859770e-02       4.377085251255e+03 
       5.263786138157e-02       4.079088661551e+03 
       5.660399909917e-02       3.887577982450e+03 
       6.015891045584e-02       3.740596115148e+03 
       6.348193975586e-02       3.611429815794e+03 
       6.666896154422e-02       3.486311040944e+03 
       6.977787413653e-02       3.357718499767e+03 
       7.284691362574e-02       3.222047703975e+03 
       7.590314258047e-02       3.078029364029e+03 
       7.896682294762e-02       2.926885609387e+03 
       8.205385790546e-02       2.770910689333e+03 
       8.517724439441e-02       2.613731550832e+03 
       8.834798208872e-02       2.459503538633e+03 
       9.157566623284e-02       2.312440037125e+03 
       9.486888769795e-02       2.176448533742e+03 
       9.823551066211e-02       2.054525883323e+03 
       1.016828698649e-01       1.948648278183e+03 
       1.052179133776e-01       1.859315619105e+03 
       1.088473074605e-01       1.785664799367e+03 
       1.125775144108e-01       1.725374403780e+03 
       1.164148507727e-01       1.674805161739e+03 
       1.203655310360e-01       1.629365966337e+03 
       1.244357004822e-01       1.584048378082e+03 
       1.286314598825e-01       1.534188022274e+03 
       1.329588841053e-01       1.476377757766e+03 
       1.374240362707e-01       1.409200896119e+03 
       1.420329788040e-01       1.333828086441e+03 
       1.467917825545e-01       1.253676139336e+03 
       1.517065350254e-01       1.173793720192e+03 
       1.567833486852e-01       1.099465181157e+03 
       1.620283702805e-01       1.034997694990e+03 
       1.674477920432e-01       9.825623263206e+02 
       1.730478656632e-01       9.416327187003e+02 
       1.788349198874e-01       9.091041066934e+02 
       1.848153825956e-01       8.804560381438e+02 
       1.909958082005e-01       8.501815487034e+02 
       1.973829112238e-01       8.141599519043e+02 
       2.039836069119e-01       7.716219056590e+02 
       2.108050597927e-01       7.253100255707e+02 
       2.178547411308e-01       6.798819740340e+02 
       2.251404963408e-01       6.396093105541e+02 
       2.326706235702e-01       6.068682599318e+02 
       2.404539648816e-01       5.811680499173e+02 
       2.485000117768e-01       5.592038604533e+02 
       2.568190272299e-01       5.368236937036e+02 
       2.654221869677e-01       5.114330668826e+02 
       2.743217435010e-01       4.833018355674e+02 
       2.835312174188e-01       4.552806122238e+02 
       2.930656217921e-01       4.306040983747e+02 
       3.029417273049e-01       4.102688054786e+02 
       3.131783780839e-01       3.927420564710e+02 
       3.237968713704e-01       3.754155656322e+02 
       3.348214184703e-01       3.567585674731e+02 
       3.462797103251e-01       3.376768975813e+02 
       3.582036192599e-01       3.200116166591e+02 
       3.706300800709e-01       3.046887617447e+02 
       3.836022102606e-01       2.906553518751e+02 
       3.971707535380e-01       2.765577990452e+02 
       4.113959668400e-01       2.622854517836e+02 
       4.263501259916e-01       2.488057863638e+02 
       4.421209102537e-01       2.364860445683e+02 
       4.588160614163e-01       2.247104917492e+02 
       4.765699344283e-01       2.129559912321e+02 
       4.955529295309e-01       2.016098241528e+02 
       5.159854462318e-01       1.908928902417e+02 
       5.381591781551e-01       1.803347400580e+02 
       5.624707995311e-01       1.699404083852e+02 
       5.894775350585e-01       1.597930362242e+02 
       6.199934557371e-01       1.496255650892e+02 
       6.552663243720e-01       1.394015972367e+02 
       6.973252581956e-01       1.288908917542e+02 
       7.497191308563e-01       1.178443129613e+02 
       8.192099334470e-01       1.058274279455e+02 
       9.197639947182e-01       9.222027411913e+01 
       1.079599244655e+00       7.649043985686e+01 
       1.332318999171e+00       5.990957133357e+01 
       1.675102486433e+00       4.562542810563e+01 
       2.108791753286e+00       3.417409754900e+01 
       2.654811403722e+00       2.503984449163e+01 
       3.342209539611e+00       1.786056834079e+01 
       4.207592520958e+00       1.236321787839e+01 
       5.297045147109e+00       8.295725598359e+00 
       6.668584743116e+00       5.404003084019e+00 
       8.395250793812e+00       3.430365443369e+00 
       1.056899456272e+01       2.131597667733e+00 
       1.330557583212e+01       1.302259658498e+00 
       1.675072753361e+01       7.851670771959e-01 
       2.108791655810e+01       4.686605957522e-01 
       2.654811403678e+01       2.776318929069e-01 
       3.342209539611e+01       1.635437097663e-01 
       4.207592520958e+01       9.593777703017e-02 
       5.297045147109e+01       5.610672744455e-02 
       6.668584743116e+01       3.273895571891e-02 
       8.395250793812e+01       1.907222248802e-02 
       1.056899456272e+02       1.109728694490e-02 
