8.377580409572780995e-02 2.122667179048231901e+03 5.691982329629930746e+02 -6.365407593214108601e+03 6.260402331102118296e+02 2.002580279966609282e+02 3.193749025776576218e+02
1.549852375770964519e-01 7.683060728064635896e+02 1.708005003166324514e+02 1.333485834997688642e+02 2.060215962131050560e+02 1.427476394441672767e+02 6.743405849924563711e+01
2.261946710584650799e-01 4.653231443215950094e+02 3.817713728042444927e+02 1.461761056160577610e+00 9.873633592743770748e+01 6.800716232355053137e+01 6.821580577205980944e+01
2.974041045398337357e-01 3.028807386013966152e+02 2.732893809220764183e+02 -1.545630221193796388e+02 5.561393641924281184e+01 3.572365848049035719e+01 2.674095231046695176e+01
3.686135380212023915e-01 2.941280804744618536e+02 2.062204345146230651e+02 4.424897558354486904e+01 3.662370441795133047e+01 2.744193149735286852e+01 1.762000488121774211e+01
4.398229715025710473e-01 1.404485725921607013e+02 5.929917950795074688e+01 -7.327903729260725640e+01 1.767608213011036611e+01 1.130122173821508547e+01 7.478148623593438238e+00
5.110324049839396476e-01 1.340938774483278166e+02 5.920874633750189275e+01 1.945621517583326820e+01 1.285608811527885820e+01 1.028619586973578492e+01 7.110000149258293156e+00
5.822418384653083034e-01 1.118153476278943828e+02 5.346284610809949100e+01 1.195116574481428984e+01 9.256934782283288143e+00 6.440189560635777966e+00 4.771358237951649706e+00
6.534512719466769592e-01 8.489907583652694711e+01 3.411002835724844573e+01 1.659848496441257026e+01 5.888805463025444276e+00 4.337771751892162797e+00 3.290328728353339560e+00
7.246607054280456151e-01 6.760633803252409280e+01 1.335986510782453607e+01 -2.978374362998246738e+01 4.526101191784913880e+00 2.650328410097121612e+00 2.185113920950328303e+00
7.958701389094142709e-01 5.732262055558057767e+01 7.598291045891474305e+00 1.486179129567560508e+01 3.458182315946678020e+00 2.502427623582679672e+00 1.698556824634693374e+00
8.670795723907829267e-01 5.067806748905967140e+01 6.279153355028364025e+00 2.482055818646236478e+00 3.056749719997189807e+00 2.122062609884230344e+00 1.461311373442909956e+00
9.382890058721514714e-01 4.799934338741773132e+01 8.613670818999699108e+00 -8.171365422350419516e-01 2.467863970596229528e+00 1.667299577220894280e+00 1.291239799272333455e+00
1.009498439353520016e+00 4.061961335957158070e+01 -7.571513195371485594e+00 -4.013027286574309294e+00 1.910984068697153093e+00 1.118547093048398278e+00 8.915990898710971502e-01
1.080707872834888672e+00 3.264400958274877951e+01 -1.827506036605020423e+00 3.918023710806565196e-01 1.463039988348558085e+00 8.985804900395417683e-01 6.517682867406688896e-01
1.151917306316257328e+00 2.940995061883621631e+01 -7.145666992184987798e+00 -1.521045648517083348e+00 1.309790513823499980e+00 7.315416197796373865e-01 5.767940523421867249e-01
1.223126739797625984e+00 2.665227949115553940e+01 -6.868606393113237729e+00 -1.581426971785878210e+00 1.132638031749662932e+00 6.463023969024871418e-01 4.639826870189492358e-01
1.294336173278994639e+00 2.420316576044019286e+01 -8.122907506311038972e+00 2.053220951076403455e+00 9.854889826046452361e-01 5.604424210584005861e-01 4.324678509905716117e-01
1.365545606760363295e+00 2.131945278033509084e+01 -6.754668568267049089e+00 2.267867275523889781e+00 7.769662202835406761e-01 4.542243134389917780e-01 3.382689843029641485e-01
1.436755040241731951e+00 1.980861350327703718e+01 -8.604060113414599087e+00 1.862922898353262191e+00 7.281004888665496555e-01 4.082868254466772151e-01 2.981230443824006704e-01
1.507964473723100607e+00 1.772579929298258961e+01 -1.054649527907564632e+01 3.518701614357915286e+00 6.173637913067380190e-01 3.444287174436495014e-01 2.457677470465530478e-01
1.579173907204469263e+00 1.581387302619200597e+01 -9.231660976413197162e+00 4.677861034567539100e+00 5.387180628743137856e-01 3.059233195647893533e-01 2.227111863056950025e-01
1.650383340685837918e+00 1.435956666633070178e+01 -9.286739150863629888e+00 3.708693931436205737e+00 4.857879239426118878e-01 2.626598880567537764e-01 1.885984192244079261e-01
1.721592774167206574e+00 1.342661349864360076e+01 -8.863002288467143330e+00 4.798703848694700014e+00 4.615415854439262056e-01 2.549502331305613101e-01 1.810951195458118390e-01
1.792802207648575008e+00 1.246968091214024277e+01 -8.527568595270800245e+00 3.514418904115197861e+00 3.632810148182574750e-01 2.001716694868401203e-01 1.464606566879652350e-01
1.864011641129943664e+00 1.186982261997928134e+01 -8.505060983169162370e+00 3.926559547439965936e+00 3.586776047233090070e-01 1.958822110697909236e-01 1.410782168611838250e-01
1.935221074611312320e+00 1.038124402663889612e+01 -7.976421247873529907e+00 3.960785509325867260e+00 3.014395518399926033e-01 1.621149968352234016e-01 1.203978980751817668e-01
2.006430508092681197e+00 1.022137638941602589e+01 -9.002755508743117474e+00 5.635875979046906181e+00 3.146520631085734099e-01 1.677204534518374479e-01 1.203036937666200068e-01
2.077639941574049853e+00 9.082252271160914603e+00 -7.662614507506543049e+00 4.454811389113070952e+00 2.530521902495245223e-01 1.362501890423461481e-01 9.783916800255032520e-02
2.148849375055418509e+00 8.634761766214005263e+00 -8.001685487564198951e+00 4.189644690702942320e+00 2.389757560430286198e-01 1.246167044060413620e-01 9.064989688622135389e-02
2.220058808536787165e+00 7.760973806751583659e+00 -7.292519286412952439e+00 3.528921712616838402e+00 2.151318542669623246e-01 1.115793128865283507e-01 8.122905617830818159e-02
2.291268242018155821e+00 7.801930191806723869e+00 -8.217459795147471269e+00 4.970417424360932479e+00 2.111772135979432807e-01 1.108335137333303771e-01 7.842399478471477614e-02
2.362477675499524477e+00 7.632417399929043889e+00 -8.250577989338514939e+00 4.644691313152999435e+00 2.126327917359067676e-01 1.099242540037384808e-01 7.830479157342822016e-02
2.433687108980893132e+00 7.126805907885506386e+00 -8.061062335797043232e+00 5.137456491357277777e+00 1.843852942669114425e-01 9.547054563136424254e-02 6.835883299469160124e-02
2.504896542462261788e+00 6.510355243539597936e+00 -7.255274351309280334e+00 4.209785703455149353e+00 1.626058211045970370e-01 8.321653155783145794e-02 5.938190265159253023e-02
2.576105975943630444e+00 6.388457841016766281e+00 -7.301560213022191270e+00 4.486292994030458559e+00 1.607824502637867914e-01 8.282125089774775017e-02 5.909665025675917699e-02
2.647315409424999100e+00 6.168304136232219292e+00 -7.393281236829167824e+00 4.748014275535937578e+00 1.564902230733573041e-01 7.940015654073562246e-02 5.637129713530353997e-02
2.718524842906367756e+00 5.825878146429103843e+00 -7.054145122849133642e+00 4.604892440655417474e+00 1.466124238003788383e-01 7.486987741887481118e-02 5.305859858365596232e-02
2.789734276387736411e+00 5.503265061657404367e+00 -6.890722884643488477e+00 4.451206058273115218e+00 1.378610001887312642e-01 6.994004980904212909e-02 4.987413218131418052e-02
2.860943709869105067e+00 5.283772256220477637e+00 -6.739973932262313561e+00 4.394012352591602166e+00 1.286297042296503657e-01 6.476896473169625745e-02 4.563685837370356352e-02
2.932153143350473723e+00 5.159596792095828555e+00 -6.797783405083294817e+00 4.705513042384274591e+00 1.211530550338483087e-01 6.136931366055430048e-02 4.394191219875358961e-02
3.003362576831842379e+00 4.844114581328483382e+00 -6.529306009593295990e+00 4.462740373633686808e+00 1.129014418537791775e-01 5.716333497034217781e-02 4.124443902357762676e-02
3.074572010313211035e+00 4.698012122436918681e+00 -6.411744218684727770e+00 4.441190346821931811e+00 1.078906048448344951e-01 5.425949650639125266e-02 3.849631543346956203e-02
3.145781443794579690e+00 4.488793263971652792e+00 -6.171104278916609509e+00 4.182100549091828157e+00 1.039030687330779468e-01 5.180537035999993600e-02 3.658779588520757325e-02
3.216990877275948346e+00 4.359007843524960180e+00 -6.018296428769608575e+00 4.208952308319854119e+00 9.813259560561471417e-02 4.916154284686228421e-02 3.489123225696175168e-02
3.288200310757317002e+00 4.124298761026110149e+00 -5.809868454399444992e+00 4.093015808208217976e+00 9.361256217283749070e-02 4.691873991260608889e-02 3.327031346739629802e-02
3.359409744238685658e+00 4.004485993701701219e+00 -5.706725801077317861e+00 3.988174463228700173e+00 8.833113340319577456e-02 4.385184743126488427e-02 3.085238366603311119e-02
3.430619177720054314e+00 3.809736229209550906e+00 -5.417245620202059797e+00 3.815873753191774576e+00 8.030871610831684382e-02 4.021886418882507364e-02 2.859171728620845190e-02
3.501828611201422525e+00 3.752762340736493396e+00 -5.546079082914419978e+00 4.167756058503092831e+00 8.244811195550413863e-02 4.124026867391793888e-02 2.926988740172556738e-02
3.573038044682791181e+00 3.536051227720452772e+00 -5.171472415913068943e+00 3.757250243947154011e+00 7.534527713436518781e-02 3.763384840355538802e-02 2.662039395404977235e-02
3.644247478164159837e+00 3.455062522397480684e+00 -5.216244573928657147e+00 4.051269654327111169e+00 7.424273288036122020e-02 3.719547088450140399e-02 2.628124004049205154e-02
3.715456911645528493e+00 3.292550092592994027e+00 -4.898696973698156043e+00 3.595074068547659873e+00 6.727839326720863600e-02 3.368129373969685342e-02 2.392798539682066197e-02
3.786666345126897149e+00 3.192221935964655533e+00 -4.859617758873514326e+00 3.667994967097004011e+00 6.546311404159901870e-02 3.269352139998842749e-02 2.323432475413501549e-02
3.857875778608265804e+00 3.187149365157692760e+00 -4.998377041535634113e+00 4.024508078772846886e+00 6.650554345409004364e-02 3.338179012846950733e-02 2.383543539991221302e-02
3.929085212089634460e+00 3.116838836960866832e+00 -4.889919843073309735e+00 3.852117985370744790e+00 6.271720345266036667e-02 3.126503046389927931e-02 2.213547240946988140e-02
4.000294645571003116e+00 3.053517166151380913e+00 -4.837455758335283740e+00 3.843040591146602569e+00 6.188348920404698750e-02 3.082659427619412196e-02 2.187029469444894472e-02
4.071504079052371772e+00 2.844619560977729833e+00 -4.514583010543328889e+00 3.660198610019186116e+00 5.783115316844620463e-02 2.878523547240962460e-02 2.032363936570431850e-02
4.142713512533740428e+00 2.798300391457695824e+00 -4.452656241278803328e+00 3.553378578457827786e+00 5.558652055520837271e-02 2.766011347740526816e-02 1.960724401485880106e-02
4.213922946015109083e+00 2.712897973352669467e+00 -4.330661539316485786e+00 3.422382897090282761e+00 5.381178314381300509e-02 2.680129247335126877e-02 1.913524274696545152e-02
4.285132379496477739e+00 2.663016613653897746e+00 -4.313095091228635880e+00 3.469515841528965527e+00 5.223274904283700670e-02 2.596531482558516249e-02 1.838057579994470045e-02
4.356341812977846395e+00 2.582491442839009999e+00 -4.258843442571403237e+00 3.511137831274187882e+00 4.957432949378211273e-02 2.471118150012370854e-02 1.762784665389259195e-02
4.427551246459215051e+00 2.521825244526406884e+00 -4.173644860009410706e+00 3.504242075107926180e+00 4.913388321497916267e-02 2.450452895009759893e-02 1.755300684510582854e-02
4.498760679940583707e+00 2.420510913544798193e+00 -3.969174170182586003e+00 3.240200620491323846e+00 4.491341047254952812e-02 2.232436221046843125e-02 1.590236286060078136e-02
4.569970113421952362e+00 2.401643973886658401e+00 -4.052434791873136710e+00 3.482266305146079599e+00 4.480936251914588442e-02 2.235373208955265117e-02 1.595115331876431619e-02
4.641179546903321018e+00 2.345286766182780536e+00 -3.921983203031872645e+00 3.248373441319516886e+00 4.338099172568120332e-02 2.154453230384620679e-02 1.531263244437339535e-02
4.712388980384689674e+00 2.294543595357438903e+00 -3.856344842623237401e+00 3.265146140059197233e+00 4.310514670550551208e-02 2.141558530622898401e-02 1.524368499436330564e-02
4.783598413866058330e+00 2.224705018104816023e+00 -3.768692801912777668e+00 3.213349269662563845e+00 4.033755782956713332e-02 2.004652191757764698e-02 1.422795778956125086e-02
4.854807847347426986e+00 2.166854429500215673e+00 -3.707792511379770062e+00 3.163733155470716429e+00 3.931050723387181228e-02 1.953260459399772803e-02 1.394549479668854772e-02
4.926017280828795641e+00 2.134248240001834773e+00 -3.680426411716596569e+00 3.193595756275188435e+00 3.780854440675399802e-02 1.881969690456617925e-02 1.345792330411764784e-02
4.997226714310164297e+00 2.042205269454119509e+00 -3.527773324341136441e+00 3.067860119376823569e+00 3.651905469028242368e-02 1.815779942732059088e-02 1.296129120387864986e-02
5.068436147791532953e+00 2.027878481545811074e+00 -3.530566695804717270e+00 3.073001114742877515e+00 3.604534974913645856e-02 1.792617851280095542e-02 1.282374141140728459e-02
5.139645581272901609e+00 1.983657249181665527e+00 -3.468930405846466947e+00 3.029707420598852341e+00 3.479174187774767418e-02 1.724102874038761779e-02 1.224266793110324013e-02
5.210855014754270265e+00 1.948085234929316067e+00 -3.434429762650596629e+00 3.060829333210504988e+00 3.439341323563693820e-02 1.711011258313356945e-02 1.224983295801492129e-02
5.282064448235638920e+00 1.942781729474622354e+00 -3.456860629105559468e+00 3.119942228330614409e+00 3.374245881657256252e-02 1.678481953203370819e-02 1.201238980381441265e-02
5.353273881717007576e+00 1.892863923068917709e+00 -3.379761181290324323e+00 3.069165262282662621e+00 3.284737545454542718e-02 1.634389453894396702e-02 1.168417529292490112e-02
5.424483315198376232e+00 1.878646874358554708e+00 -3.394022405502139961e+00 3.109238735756154615e+00 3.291084624122506130e-02 1.632423303590000915e-02 1.165019478097402243e-02
5.495692748679744888e+00 1.802924512071020446e+00 -3.230920807641789239e+00 2.935254848177532683e+00 3.080748420649519204e-02 1.530630795416077460e-02 1.094327480060529843e-02
5.566902182161113544e+00 1.759784939331995091e+00 -3.170584378445249207e+00 2.905903356585771480e+00 2.950588930430567830e-02 1.468426861495088741e-02 1.052062116121441071e-02
5.638111615642482199e+00 1.723806924557824694e+00 -3.119912828393124116e+00 2.871387169906923553e+00 2.867406253264604896e-02 1.424635793966557047e-02 1.016677668835041029e-02
5.709321049123850855e+00 1.687501832615274200e+00 -3.051718517625157556e+00 2.778817893654749849e+00 2.804944793610930284e-02 1.392663693335362100e-02 9.957886084856575754e-03
5.780530482605219511e+00 1.653122558400204944e+00 -3.009289357564397083e+00 2.782781379222739382e+00 2.747601287804921771e-02 1.365653863432357042e-02 9.786117375726639464e-03
5.851739916086588167e+00 1.630041092340702935e+00 -2.989674727135513077e+00 2.794634214857690147e+00 2.677446493388586923e-02 1.330191777411932411e-02 9.520878070319803779e-03
5.922949349567956823e+00 1.586943351831657800e+00 -2.920156790473910302e+00 2.762940943545926231e+00 2.622692063559067810e-02 1.304958301784222251e-02 9.356342326684086164e-03
5.994158783049325478e+00 1.546139755820781225e+00 -2.832827909035869673e+00 2.642786966630770618e+00 2.469462263984083250e-02 1.227776909711023913e-02 8.796161049656003525e-03
6.065368216530694134e+00 1.563303110323567280e+00 -2.893862147531917284e+00 2.753890869990838208e+00 2.535452008534975696e-02 1.261153992437193984e-02 9.043342351336511320e-03
6.136577650012062790e+00 1.450369812970977890e+00 -2.653435607059177137e+00 2.483623800214323829e+00 2.269229598066823533e-02 1.129027886344745671e-02 8.091576691771022040e-03
6.207787083493431446e+00 1.477546726962463586e+00 -2.738234574353048068e+00 2.604195259957870157e+00 2.404527499826410522e-02 1.195679787821248702e-02 8.575526454224071532e-03
6.278996516974800102e+00 1.470072382090188645e+00 -2.754966648036530241e+00 2.670114837722443735e+00 2.347364829885844467e-02 1.168452138858258084e-02 8.398512377752478941e-03
6.350205950456168758e+00 1.406111077267120146e+00 -2.623568720451099789e+00 2.525104242141652744e+00 2.200089917259592451e-02 1.094344325623635567e-02 7.850637339157376382e-03
6.421415383937537413e+00 1.397542080354305494e+00 -2.618111302625406367e+00 2.525635409958111310e+00 2.166234649274344226e-02 1.079155371294584533e-02 7.771648590660843944e-03
6.492624817418906069e+00 1.373136724219224059e+00 -2.569443977113087918e+00 2.485398587910153001e+00 2.112104743652222505e-02 1.049191172610438282e-02 7.491480310692967895e-03
6.563834250900274725e+00 1.313536215006392505e+00 -2.455312205255195224e+00 2.365356448215488516e+00 2.003668030534780722e-02 9.972385053065508861e-03 7.153520866893135419e-03
6.635043684381643381e+00 1.319774561303248106e+00 -2.483500999686895749e+00 2.422696172382396096e+00 2.041039615691065887e-02 1.016359065027516544e-02 7.311228407236196498e-03
6.706253117863012037e+00 1.293350903434783428e+00 -2.447113477719363939e+00 2.412835643496082039e+00 1.950287109960953391e-02 9.717938830235202385e-03 6.990165968894988986e-03
6.777462551344380692e+00 1.262581331688468644e+00 -2.390713528625171058e+00 2.368576116882739946e+00 1.877599036454762754e-02 9.360986693928197849e-03 6.738269916488075391e-03
6.848671984825749348e+00 1.251830818320703864e+00 -2.375271018925346755e+00 2.352995437157787251e+00 1.904900274544547856e-02 9.490260653108916269e-03 6.839607504158211858e-03
6.919881418307117116e+00 1.222467605939861590e+00 -2.325190633495234582e+00 2.301456963659599175e+00 1.830681349889537457e-02 9.115113695887626377e-03 6.557325672130827690e-03
6.991090851788485772e+00 1.228756754708851151e+00 -2.359231683791986001e+00 2.367568950784344928e+00 1.831853370685674817e-02 9.120799068381056640e-03 6.563516221088798452e-03
7.062300285269854427e+00 1.198858164865864495e+00 -2.297340638611184982e+00 2.305783792968578716e+00 1.794241572236036919e-02 8.941290507636675058e-03 6.443888162754343035e-03
7.133509718751223083e+00 1.170534698823550768e+00 -2.235884236514258827e+00 2.240964792450732102e+00 1.729922159164219014e-02 8.617656435175204480e-03 6.199101763470458125e-03
7.204719152232591739e+00 1.174858276912611244e+00 -2.265079562015497316e+00 2.294132206276640940e+00 1.719008629522781120e-02 8.571543106024375955e-03 6.186783740152556818e-03
7.275928585713960395e+00 1.142386123811042209e+00 -2.202105836826232288e+00 2.235110997714456538e+00 1.688129696248022796e-02 8.423667861142363281e-03 6.096026227945815050e-03
7.347138019195329051e+00 1.115745946355485962e+00 -2.146594948799777303e+00 2.175176547919349890e+00 1.617839170263683443e-02 8.073796164196090155e-03 5.838777411527490760e-03
7.418347452676697706e+00 1.102992541715630548e+00 -2.127082905423727688e+00 2.159215145061323948e+00 1.577045067170150527e-02 7.859260374920089623e-03 5.663663303780152279e-03
7.489556886158066362e+00 1.073951426337310222e+00 -2.070745857928473654e+00 2.115303484948425794e+00 1.537289069617580467e-02 7.671219039835678113e-03 5.540536033722527794e-03
7.560766319639435018e+00 1.067359381983735922e+00 -2.059082288231673274e+00 2.100471617069488151e+00 1.516842218604740229e-02 7.566079585307273862e-03 5.459665522172973962e-03
7.631975753120803674e+00 1.060427273989577257e+00 -2.058847607746183694e+00 2.125210375961094300e+00 1.511173411284283050e-02 7.542827150329407988e-03 5.450792143198046613e-03
7.703185186602172330e+00 1.024586317794573098e+00 -1.982289228982277329e+00 2.038940172455614874e+00 1.417908044786698671e-02 7.076287046194713534e-03 5.110273899652626080e-03
7.774394620083540985e+00 1.037911026715286011e+00 -2.030466615135470665e+00 2.119211247603505655e+00 1.472451502779551120e-02 7.349909226017193632e-03 5.316741295812499324e-03
7.845604053564909641e+00 9.931015918948447041e-01 -1.929954051929098746e+00 2.005026193970322002e+00 1.395040225975591706e-02 6.964773895278644246e-03 5.036057758104078678e-03
7.916813487046278297e+00 9.912134263409000390e-01 -1.933526265253598275e+00 2.018568691408855198e+00 1.384636315565996624e-02 6.911064615167646606e-03 4.992834527854865534e-03
7.988022920527646953e+00 9.879257860919582468e-01 -1.934515412003253276e+00 2.028256893669197147e+00 1.382874299526723992e-02 6.902806302804577465e-03 4.992123911891823557e-03
8.059232354009015609e+00 9.626565015959863691e-01 -1.880025454729988832e+00 1.974899574099798771e+00 1.345379926447502067e-02 6.718514590568402424e-03 4.859943223560792523e-03
8.130441787490385153e+00 9.239307288956706277e-01 -1.801921597641528816e+00 1.896187976514031259e+00 1.258781598201162352e-02 6.289488454165340081e-03 4.549474534900332760e-03
8.201651220971752920e+00 9.283056547093631039e-01 -1.819616726921225780e+00 1.928819674253999583e+00 1.270186248442356329e-02 6.349651402533882522e-03 4.602890416831790545e-03
8.272860654453122464e+00 9.144136716898553230e-01 -1.788508943796468298e+00 1.891898763787958071e+00 1.240709496310042799e-02 6.199874911234844709e-03 4.485695023293716395e-03
8.344070087934490232e+00 9.056825664782490737e-01 -1.777701078801655621e+00 1.895855729306846094e+00 1.220427129958686144e-02 6.106284815128657298e-03 4.430045278221011844e-03
8.415279521415859776e+00 8.890960379925021417e-01 -1.744981064016453365e+00 1.864157068182410448e+00 1.189090199829018896e-02 5.945380234557368429e-03 4.304944678275670657e-03
8.486488954897227543e+00 8.621105363180208148e-01 -1.685503372554564061e+00 1.797952984895008655e+00 1.144005764675077100e-02 5.719258498643134229e-03 4.135041868284299385e-03
8.557698388378597087e+00 8.495278760867713830e-01 -1.660492075815755975e+00 1.764300233773326898e+00 1.121273725174320307e-02 5.600736248846657078e-03 4.044122658121250026e-03
8.628907821859964855e+00 8.478741884597083001e-01 -1.664367390379877687e+00 1.786418708811874145e+00 1.113233419370110097e-02 5.569297918309953216e-03 4.033655187751300324e-03
8.700117255341334399e+00 8.384349051657965513e-01 -1.648154138335577557e+00 1.779361465751666316e+00 1.094301525967980929e-02 5.477462721277481968e-03 3.971429534445561002e-03
8.771326688822702167e+00 8.203550510913045768e-01 -1.616635641870176165e+00 1.749093435213197267e+00 1.094604286533247019e-02 5.476143479851854588e-03 3.972004318175329299e-03
8.842536122304071711e+00 8.023167007671869744e-01 -1.574092688419998165e+00 1.695135554215295270e+00 1.025830865588810842e-02 5.133691738110035888e-03 3.717353830157366090e-03
8.913745555785439478e+00 7.899852018268014309e-01 -1.549237644917967893e+00 1.679503982957897268e+00 1.001688245672984964e-02 5.016405661533340082e-03 3.634477951934994913e-03
8.984954989266809022e+00 7.743246978406155279e-01 -1.517589217031847459e+00 1.643828813608016581e+00 9.918872638588954738e-03 4.963486531313431212e-03 3.591452604306611882e-03
9.056164422748176790e+00 7.645410979477871294e-01 -1.501860639687051968e+00 1.634790855880349003e+00 9.598223797833208698e-03 4.807047943140713153e-03 3.480488248104094025e-03
9.127373856229546334e+00 7.596212521089470426e-01 -1.496680937185406846e+00 1.643271063946178057e+00 9.686163641196874480e-03 4.854094970241321083e-03 3.522531640886269588e-03
9.198583289710914102e+00 7.442912320276362514e-01 -1.464548202557563350e+00 1.603038178792082435e+00 9.482937040895587574e-03 4.750945598994545278e-03 3.447812745559215245e-03
9.269792723192281869e+00 7.366280236083005972e-01 -1.446392636211591975e+00 1.583133691949724087e+00 9.069289382311345252e-03 4.546899006081549406e-03 3.297505034658572941e-03
9.341002156673651413e+00 7.190190242716965052e-01 -1.411719771447681682e+00 1.549014874069477798e+00 8.927094502424248040e-03 4.474056540881963910e-03 3.244843872229119953e-03
9.412211590155019181e+00 7.120117573197851657e-01 -1.397722949667051795e+00 1.539354145779558314e+00 8.810683199633016424e-03 4.414592724965981513e-03 3.197506174583213904e-03
9.483421023636388725e+00 7.105239927436869385e-01 -1.395906112761866158e+00 1.542318604679939309e+00 8.748016765600366909e-03 4.384547257897394336e-03 3.175821779520013755e-03
9.554630457117756492e+00 6.946151419490693701e-01 -1.368836691979373077e+00 1.518103749622579324e+00 8.455372465438631274e-03 4.241360379513095871e-03 3.079248665930639332e-03
9.625839890599126036e+00 6.852982214888675427e-01 -1.349112256695267575e+00 1.496884063879272198e+00 8.288738556102796112e-03 4.156707276625986811e-03 3.013807186772507040e-03
9.697049324080493804e+00 6.687746889732082423e-01 -1.311309727500361788e+00 1.454997926702082500e+00 8.029129659455080253e-03 4.029241355299546974e-03 2.922579581793441784e-03
9.768258757561863348e+00 6.735880751616346584e-01 -1.325772964668125331e+00 1.478929057064414465e+00 8.174282355265089645e-03 4.098896863893681727e-03 2.972359300492094687e-03
9.839468191043231116e+00 6.554799557172624747e-01 -1.288102210667393166e+00 1.439014135628481572e+00 7.880662489530884662e-03 3.954067747285602667e-03 2.868588439471283624e-03
9.910677624524600660e+00 6.452106513773482321e-01 -1.270508442673111471e+00 1.421237932502041668e+00 7.743352061986511631e-03 3.883324021817160989e-03 2.816245760349984136e-03
9.981887058005968427e+00 6.392710572405513325e-01 -1.256961614413440342e+00 1.411309891551392193e+00 7.669754257109233191e-03 3.848202692703899669e-03 2.789890756220806626e-03
1.005309649148733797e+01 6.302102499855271045e-01 -1.239215085661085292e+00 1.393018224208181000e+00 7.425230060047062486e-03 3.727909063640266838e-03 2.706550613011192864e-03
1.012430592496870574e+01 6.235574535619632375e-01 -1.226459993201054921e+00 1.383513044962765282e+00 7.366548077537306109e-03 3.698757754086836377e-03 2.686195942785246735e-03
1.019551535845007528e+01 6.085867518456191672e-01 -1.194015233676671839e+00 1.349204627130548007e+00 7.134927643747120823e-03 3.585171948431011089e-03 2.605091660949022860e-03
1.026672479193144305e+01 6.050261940282424256e-01 -1.187622077022963296e+00 1.346702340987455893e+00 7.015877448442043272e-03 3.526684416917717346e-03 2.562360885096398155e-03
1.033793422541281259e+01 5.980419178757688803e-01 -1.173581490124726567e+00 1.331481050196572591e+00 7.007332708497753318e-03 3.522490093800082801e-03 2.562481637898467689e-03
1.040914365889418036e+01 5.880799446384774587e-01 -1.155296404980398872e+00 1.312221579331529497e+00 6.801202738901836534e-03 3.418420150363385944e-03 2.483651654716540879e-03
1.048035309237554991e+01 5.834853492163294408e-01 -1.147080755132167784e+00 1.309054924119916308e+00 6.857207709879028536e-03 3.447211529089775836e-03 2.510005361564493238e-03
1.055156252585691767e+01 5.811478703995710537e-01 -1.144383709800791848e+00 1.312324700084631868e+00 6.655403065444039784e-03 3.348195222385178839e-03 2.437126834891701309e-03
1.062277195933828722e+01 5.691091137388204491e-01 -1.119541545555002182e+00 1.285698129203179274e+00 6.596864598661327135e-03 3.317837415310902552e-03 2.415503397684207881e-03
1.069398139281965499e+01 5.588967809026851308e-01 -1.097748315318354484e+00 1.260992930821566160e+00 6.450725624755526862e-03 3.245099004485700427e-03 2.362702571056263419e-03
1.076519082630102453e+01 5.499323385121428487e-01 -1.076665837907044621e+00 1.233662412839398481e+00 6.186235531708225190e-03 3.112493455093249140e-03 2.262961730902918883e-03
1.083640025978239230e+01 5.479653254176986010e-01 -1.074249933830837556e+00 1.235328230311485420e+00 6.160497042283970617e-03 3.100422087597273432e-03 2.255836846940617244e-03
1.090760969326376184e+01 5.354521101701269492e-01 -1.047578195797813194e+00 1.205880288916429066e+00 5.964515234251644218e-03 3.002376789623205540e-03 2.183712808819318358e-03
1.097881912674512961e+01 5.274009588341166399e-01 -1.031120215377700600e+00 1.193068410983771033e+00 5.905776931606068932e-03 2.974550408294159617e-03 2.165955255801568953e-03
1.105002856022649915e+01 5.197819350334694777e-01 -1.015152648815009551e+00 1.175281559433564826e+00 5.713181392950616826e-03 2.878717976493007803e-03 2.095048280430465270e-03
1.112123799370786692e+01 5.165369235426849892e-01 -1.008803590286796226e+00 1.171770131740974996e+00 5.771010154424347470e-03 2.908119281627930854e-03 2.119826373252440676e-03
1.119244742718923646e+01 5.169168033594425671e-01 -1.013729956623383943e+00 1.183106615358495928e+00 5.702359068854401074e-03 2.872563413660586540e-03 2.091627672754967603e-03
1.126365686067060423e+01 5.039409913839147936e-01 -9.832333007598388352e-01 1.144474968966279871e+00 5.532356622008778244e-03 2.787608820659766718e-03 2.030305067145354424e-03
1.133486629415197378e+01 4.988274906770280293e-01 -9.738256424631036579e-01 1.138161576379516760e+00 5.528343661616743829e-03 2.786954409885002582e-03 2.032599677926090215e-03
1.140607572763334154e+01 4.889852284218537681e-01 -9.526925842128527444e-01 1.113412464847683747e+00 5.384256028507859726e-03 2.713064564847986800e-03 1.975673749222940905e-03
1.147728516111471109e+01 4.881375957080593686e-01 -9.533833631808467102e-01 1.118236233380192068e+00 5.329646094603954394e-03 2.687179308434191859e-03 1.959937411002832166e-03
1.154849459459607885e+01 4.854220868893562857e-01 -9.471915212804608020e-01 1.115072540565755110e+00 5.296665235769976339e-03 2.671664637808066588e-03 1.949072240945746472e-03
1.161970402807744840e+01 4.747506228732945033e-01 -9.222580617179829687e-01 1.085792839776316354e+00 5.089248455641746764e-03 2.568072273235626202e-03 1.872267353004467613e-03
1.169091346155881617e+01 4.714410590206033480e-01 -9.174458896074497716e-01 1.080633478091540978e+00 5.108479800673020911e-03 2.576790010866391797e-03 1.878975348364206365e-03
1.176212289504018571e+01 4.624063298587067217e-01 -8.967591961463121653e-01 1.054626174261587002e+00 4.902724961000404051e-03 2.473555444056191668e-03 1.802639971087239461e-03
1.183333232852155348e+01 4.586624979087496889e-01 -8.890726681643629226e-01 1.050099526504478353e+00 4.879173282993214469e-03 2.462773356033545660e-03 1.794762544694585103e-03
1.190454176200292302e+01 4.493066586292610021e-01 -8.678701903280737762e-01 1.025527476103937907e+00 4.724316533869711565e-03 2.385722570865190465e-03 1.739254520934772940e-03
1.197575119548429079e+01 4.481085889066913075e-01 -8.688009848806761415e-01 1.029878193705913159e+00 4.654416964844928541e-03 2.350755197574640621e-03 1.713929824291393709e-03
1.204696062896566033e+01 4.398656266039109863e-01 -8.500036582154428810e-01 1.011794493034897435e+00 4.587131791462700434e-03 2.317125343210729542e-03 1.689059059491711170e-03
1.211817006244702810e+01 4.346977609499240169e-01 -8.396857427767225879e-01 9.991220256548786205e-01 4.506901925372486760e-03 2.276658344627899549e-03 1.658549424911731065e-03
1.218937949592839765e+01 4.283035695921117436e-01 -8.264966284000878627e-01 9.854194706709169527e-01 4.447890493969508009e-03 2.247220947925899527e-03 1.638651078800435227e-03
1.226058892940976541e+01 4.213240721915698650e-01 -8.107952024519797796e-01 9.662016437281431003e-01 4.353333562012095745e-03 2.199383275113970301e-03 1.603086403577258512e-03
1.233179836289113496e+01 4.156823389377104494e-01 -7.986059397192236675e-01 9.532796853228416856e-01 4.267473829994736928e-03 2.156474662075919934e-03 1.571386949105074834e-03
1.240300779637250272e+01 4.117913333665446096e-01 -7.917910893429642716e-01 9.477426274603329981e-01 4.214710548905888608e-03 2.130040201020003739e-03 1.552860132036049286e-03
1.247421722985387227e+01 4.123243880515119475e-01 -7.928102248395804130e-01 9.520969613398229114e-01 4.192683335414342134e-03 2.119775573513042570e-03 1.545595253879667374e-03
1.254542666333524004e+01 4.027544396155676165e-01 -7.712644393079254312e-01 9.289716494268990266e-01 4.099497127042142988e-03 2.074211518409370836e-03 1.513109692023795801e-03
1.261663609681660958e+01 4.011875767113735058e-01 -7.707732997513992990e-01 9.299978631089923509e-01 4.040178437368269378e-03 2.044750657330807533e-03 1.493551806606135913e-03
1.268784553029797735e+01 3.959494581271051361e-01 -7.580467329490412354e-01 9.154172898308838846e-01 4.002705575249689528e-03 2.025611397986363561e-03 1.479028835975315084e-03
1.275905496377934689e+01 3.854951794064997439e-01 -7.344563214319512756e-01 8.830310878109837169e-01 3.896568258423085442e-03 1.971793757813904407e-03 1.440024237501372120e-03
1.283026439726071466e+01 3.820447212837960183e-01 -7.279345832067180000e-01 8.754245183112555617e-01 3.805767645879459121e-03 1.926173667338851921e-03 1.405421496738593415e-03
1.290147383074208420e+01 3.821078991137593639e-01 -7.296335553268533669e-01 8.829942429164827633e-01 3.764105047182441342e-03 1.906534749898976559e-03 1.392243947947301641e-03
1.297268326422345197e+01 3.755948785855132699e-01 -7.157745219905476963e-01 8.689077879452691278e-01 3.758346804199189095e-03 1.903669701882495244e-03 1.392191427437059576e-03
1.304389269770482152e+01 3.749863962337524614e-01 -7.154934983943105342e-01 8.706267625150051481e-01 3.719984894541527188e-03 1.883862439502143916e-03 1.376662357745535737e-03
1.311510213118618928e+01 3.699434465278887973e-01 -7.057134505363229504e-01 8.598980963782365539e-01 3.653824106452933235e-03 1.851134352067343967e-03 1.353056945402856962e-03
1.318631156466755883e+01 3.661812045732941723e-01 -6.982565278040957502e-01 8.511871273208122535e-01 3.648871644418112334e-03 1.847610229311257880e-03 1.351129069216506617e-03
1.325752099814892659e+01 3.608073371586576483e-01 -6.855988090579274719e-01 8.341361629139347755e-01 3.563141456275468067e-03 1.804865444048594884e-03 1.319568344762476293e-03
1.332873043163029614e+01 3.578339860998444033e-01 -6.819589969385002615e-01 8.341543388560247463e-01 3.517305033686602203e-03 1.782019080233760962e-03 1.303914705968797945e-03
1.339993986511166391e+01 3.502854766286110921e-01 -6.633388794743221295e-01 8.121933425905950577e-01 3.357427996929139569e-03 1.703511915779079523e-03 1.245716119952480034e-03
1.347114929859303345e+01 3.488503337250813963e-01 -6.604744419636978670e-01 8.087798193942181690e-01 3.370435571574833655e-03 1.708889267131441210e-03 1.250114791722980014e-03
1.354235873207440122e+01 3.402573880432511189e-01 -6.418532398870114841e-01 7.869162822754868225e-01 3.275484997223450465e-03 1.661204588147481998e-03 1.214442317838242526e-03
1.361356816555577076e+01 3.358650288788549432e-01 -6.328909812370158150e-01 7.756895636359402157e-01 3.226338134590917440e-03 1.636318770886377840e-03 1.196347251553824594e-03
1.368477759903713853e+01 3.339349654756215702e-01 -6.295733068477851191e-01 7.729940452081627278e-01 3.215458002290099999e-03 1.631064157627942377e-03 1.193980251908142868e-03
1.375598703251850630e+01 3.295274296173060780e-01 -6.193596576526673170e-01 7.628394511132231548e-01 3.161412857319950871e-03 1.604235128939968591e-03 1.174180551307151769e-03
1.382719646599987584e+01 3.291740385142919445e-01 -6.205709413874217484e-01 7.650897340051734385e-01 3.134181275080383158e-03 1.590157202548485174e-03 1.164206083517857005e-03
1.389840589948124361e+01 3.238912882684514272e-01 -6.072946047724750995e-01 7.517613205622110106e-01 3.100258353867020589e-03 1.574013326391243001e-03 1.153211525592137861e-03
1.396961533296261315e+01 3.163303885725414766e-01 -5.906508071100596835e-01 7.295597345451941829e-01 2.967321635960806780e-03 1.507196235366693509e-03 1.103255901222277829e-03
1.404082476644398092e+01 3.178229714309347975e-01 -5.958445592186789597e-01 7.386585507713345766e-01 2.966362794511998892e-03 1.507314273538882783e-03 1.104645510831138043e-03
1.411203419992535046e+01 3.139449777582264955e-01 -5.871322243868734025e-01 7.269288350473156468e-01 2.932026517284384067e-03 1.489528385866830187e-03 1.091558623058296431e-03
1.418324363340671823e+01 3.071092129871090814e-01 -5.716383603297712224e-01 7.082133261956541359e-01 2.849306918857057950e-03 1.447815385742842048e-03 1.060008341873615876e-03
1.425445306688808778e+01 3.034070017156206833e-01 -5.646689542088819680e-01 7.002840174224801428e-01 2.834935679294534050e-03 1.440286075561068076e-03 1.054737162074380428e-03
1.432566250036945554e+01 3.021189254294138760e-01 -5.630792732687944779e-01 7.009367530465857588e-01 2.764894433712875021e-03 1.405159102905108922e-03 1.028527750743473898e-03
1.439687193385082509e+01 2.975227998276443464e-01 -5.522360358362143895e-01 6.883433406325865089e-01 2.728795239973697169e-03 1.387283379700955362e-03 1.015657000149950686e-03
1.446808136733219285e+01 2.956776604558710719e-01 -5.481961126805704465e-01 6.839705799503971173e-01 2.754457428209960632e-03 1.399813363962651219e-03 1.026343510918775476e-03
1.453929080081356240e+01 2.923254247542569906e-01 -5.411327427196094275e-01 6.755437493287869133e-01 2.676898470330155936e-03 1.360852953301468649e-03 9.968202904381540368e-04
1.461050023429493017e+01 2.892293228720708154e-01 -5.354325261203268793e-01 6.674297101428110501e-01 2.661599748257791401e-03 1.352985039752304004e-03 9.921164626424826185e-04
1.468170966777629971e+01 2.837130076742351847e-01 -5.226021241537871509e-01 6.519874019884074334e-01 2.561128603187397788e-03 1.303102580296520248e-03 9.547887414509110106e-04
1.475291910125766748e+01 2.825165535027635011e-01 -5.208574198936086752e-01 6.517527589748821626e-01 2.547474235862702725e-03 1.296110628779059259e-03 9.500421564808013072e-04
1.482412853473903702e+01 2.793851142445494817e-01 -5.150853283163271401e-01 6.458218514765121654e-01 2.504731896980113507e-03 1.274635619526513297e-03 9.344683007405361376e-04
1.489533796822040479e+01 2.754828105775562475e-01 -5.062456837628954709e-01 6.355386957080915167e-01 2.444133225120861432e-03 1.244566880449366961e-03 9.123718663806117124e-04
1.496654740170177433e+01 2.741013658180020962e-01 -5.042399159987076551e-01 6.332088690986481527e-01 2.467021609004380143e-03 1.255027483592755606e-03 9.201830489381599299e-04
1.503775683518314210e+01 2.705915816078914293e-01 -4.962011100876227432e-01 6.240174933235177468e-01 2.397463226919356420e-03 1.220651643468169270e-03 8.949025309051493156e-04
1.510896626866451165e+01 2.653637232405560709e-01 -4.851188478710612983e-01 6.088424717443027268e-01 2.350015754387517301e-03 1.196976740017844732e-03 8.778728231164061166e-04
1.518017570214587941e+01 2.650317953705322860e-01 -4.851246010047778334e-01 6.096829867343218634e-01 2.293939711765021535e-03 1.168406373473247642e-03 8.561501287471765149e-04
1.525138513562724896e+01 2.615835365995430872e-01 -4.771291102439069176e-01 6.008661385736322469e-01 2.314336311654353537e-03 1.178660129663794886e-03 8.647763167488437767e-04
1.532259456910861672e+01 2.587030819819394756e-01 -4.727232328291797736e-01 5.949131600235584294e-01 2.246227192958877555e-03 1.144246940848095851e-03 8.392628153506853129e-04
1.539380400258998627e+01 2.569123689638742603e-01 -4.693961767392386686e-01 5.928165498382074183e-01 2.254213081401087396e-03 1.148033556797676451e-03 8.425329735069782668e-04
1.546501343607135404e+01 2.549284144073958869e-01 -4.651107047161543440e-01 5.887746394082818968e-01 2.226085415835459859e-03 1.134047729545770156e-03 8.325053710809005849e-04
1.553622286955272358e+01 2.502109031992116872e-01 -4.538858028989944393e-01 5.736461197311303328e-01 2.177084221476539936e-03 1.109357852376357482e-03 8.140451909837332798e-04
1.560743230303409135e+01 2.469869607541696210e-01 -4.479515932576718651e-01 5.653934817290312553e-01 2.136058535151283237e-03 1.088155779992015142e-03 7.982759454276550917e-04
1.567864173651546089e+01 2.409949441135043890e-01 -4.339251344059680826e-01 5.488655723588403701e-01 2.044555979994057675e-03 1.042837397243323756e-03 7.643466428239682666e-04
1.574985116999682866e+01 2.443353992756744364e-01 -4.427770494237026067e-01 5.629259178537069364e-01 2.101620085645861287e-03 1.071385159811905899e-03 7.864920639628921297e-04
1.582106060347819820e+01 2.390475011909816982e-01 -4.310578768190949095e-01 5.471382345501437650e-01 2.022451364726279757e-03 1.031709215981445197e-03 7.572794726211660781e-04
1.589227003695956597e+01 2.351388280389766494e-01 -4.216843153471239170e-01 5.363182747182664301e-01 1.971297560428152563e-03 1.006256362206613304e-03 7.382317518023581064e-04
1.596347947044093551e+01 2.337498861094174374e-01 -4.194957965784448795e-01 5.328559221521753653e-01 1.973625620483704900e-03 1.007007343400923450e-03 7.391025203146438542e-04
1.603468890392230151e+01 2.314116018894133431e-01 -4.156733711436007006e-01 5.282586838066017920e-01 1.947395101151631110e-03 9.935288758460571711e-04 7.291689932689248820e-04
1.610589833740366927e+01 2.265131226614118809e-01 -4.034631458052072572e-01 5.125050333993026452e-01 1.870107962732872131e-03 9.551003534201138803e-04 7.009775926805271408e-04
1.617710777088504059e+01 2.255314082457149094e-01 -4.026964820365148134e-01 5.117710585102270837e-01 1.883027686422022746e-03 9.611552397291150268e-04 7.056829737021345569e-04
1.624831720436640836e+01 2.242048532867403354e-01 -4.000232282171307108e-01 5.093416879074572634e-01 1.861614294132825668e-03 9.502736507379291051e-04 6.982055900999941788e-04
1.631952663784777613e+01 2.228030498713155227e-01 -3.974605865245861014e-01 5.082573510007043494e-01 1.847379892539196536e-03 9.433418635602831706e-04 6.927953709880598897e-04
1.639073607132914390e+01 2.188901707151888198e-01 -3.890533251708596096e-01 4.950109327618044119e-01 1.778929181372061307e-03 9.087027259783716582e-04 6.670301916775234511e-04
1.646194550481051522e+01 2.182102143192442001e-01 -3.891013095830050950e-01 4.962399808546251734e-01 1.791703566769643980e-03 9.149025578551032468e-04 6.721012617600380509e-04
1.653315493829188298e+01 2.137394955883759329e-01 -3.782993367047555178e-01 4.826430857533313690e-01 1.732496243366005986e-03 8.854336335666944738e-04 6.501635560006472584e-04
1.660436437177325075e+01 2.114254065627599599e-01 -3.739040591377431610e-01 4.773415572010791252e-01 1.729070976833355176e-03 8.831958579092324003e-04 6.487265198572859850e-04
1.667557380525461852e+01 2.096531301541268155e-01 -3.696406802718358309e-01 4.733817845533154212e-01 1.694325937915072428e-03 8.660139019967957267e-04 6.357921487786395145e-04
1.674678323873598984e+01 2.103064817800397168e-01 -3.722723998450928606e-01 4.775806529215290697e-01 1.699554073447971702e-03 8.684960588453254906e-04 6.382135038076301595e-04
1.681799267221735761e+01 2.083584636861740835e-01 -3.689223021658517010e-01 4.739504293889924558e-01 1.682400062195614455e-03 8.596167609899931384e-04 6.316710636565432430e-04
1.688920210569872538e+01 2.046666975976500491e-01 -3.599758150015921476e-01 4.619397484833053791e-01 1.618798045069167650e-03 8.279443545777236818e-04 6.081570929833703641e-04
1.696041153918009314e+01 2.026996668930660384e-01 -3.567119871239998186e-01 4.574523214337321009e-01 1.629591810102872700e-03 8.331932225087073990e-04 6.125986024902045418e-04
1.703162097266146446e+01 2.004163243830844876e-01 -3.520483081755575450e-01 4.526435266031779703e-01 1.602515701244803430e-03 8.192348373803724640e-04 6.022785019953084224e-04
1.710283040614283223e+01 1.983754333066638231e-01 -3.478988592011063030e-01 4.471525125794902911e-01 1.575772875509977690e-03 8.057557856547805037e-04 5.918151828929068582e-04
1.717403983962420000e+01 1.965035048282887109e-01 -3.443488767692024499e-01 4.425560741658483566e-01 1.544726896798671520e-03 7.900560991659682153e-04 5.808822172057153408e-04
1.724524927310556777e+01 1.972296487159353462e-01 -3.467211154084034463e-01 4.463648617791913242e-01 1.566503246415373472e-03 8.009826325852207468e-04 5.891172622829376690e-04
1.731645870658693909e+01 1.936746515116814782e-01 -3.382359703748236690e-01 4.357963906229620488e-01 1.513485533199715677e-03 7.743065512562611209e-04 5.694131941499976785e-04
1.738766814006830685e+01 1.911880307442514193e-01 -3.333223222413715381e-01 4.295983097252585869e-01 1.501609958473538271e-03 7.680646559578508054e-04 5.645852545558060565e-04
1.745887757354967462e+01 1.888270036044444045e-01 -3.288970982255025599e-01 4.238663826624760600e-01 1.471373639930915762e-03 7.529168614710623044e-04 5.536040379889452896e-04
1.753008700703104239e+01 1.871598584475362426e-01 -3.254374820340416585e-01 4.191896138535390337e-01 1.437208245479238431e-03 7.357686556589373332e-04 5.410194971006554573e-04
1.760129644051241371e+01 1.862011512879727937e-01 -3.232890980657798785e-01 4.173340802720066356e-01 1.427557696662250112e-03 7.308897136503803016e-04 5.370792735226052666e-04
1.767250587399378148e+01 1.851085478083067393e-01 -3.216852464119560051e-01 4.162623881499146195e-01 1.422832140385392723e-03 7.283122743157891075e-04 5.357478643984170397e-04
1.774371530747514925e+01 1.813895463652695217e-01 -3.128754303882241850e-01 4.058484252889647537e-01 1.387549774312406151e-03 7.107741195670222532e-04 5.227293773957136271e-04
1.781492474095651701e+01 1.801157986644908449e-01 -3.105226322627778202e-01 4.019772567861385482e-01 1.380631979727897553e-03 7.069653331453756981e-04 5.200924185028824075e-04
1.788613417443788833e+01 1.790326326334562568e-01 -3.084473767222225549e-01 4.004065075048185429e-01 1.366017952420812325e-03 6.997798762563197652e-04 5.146948829952665335e-04
1.795734360791925610e+01 1.782677441306687038e-01 -3.068127033477318633e-01 3.985674270842151090e-01 1.352582501192655480e-03 6.929164222401453183e-04 5.098131931177588916e-04
1.802855304140062387e+01 1.744693826404448700e-01 -2.986489554310928218e-01 3.865784140786958090e-01 1.317506973577256112e-03 6.750421392683463593e-04 4.965326803885031833e-04
1.809976247488199164e+01 1.732207171952570568e-01 -2.970501851464202314e-01 3.863486154123406124e-01 1.305134836142965741e-03 6.687743175732196923e-04 4.918054113251362760e-04
1.817097190836336296e+01 1.736446671868868419e-01 -2.986381035436554976e-01 3.886762699539491606e-01 1.300712525848410047e-03 6.664512143926158358e-04 4.904966230014076115e-04
1.824218134184473072e+01 1.716112417197663831e-01 -2.937424544405694560e-01 3.828628553756617259e-01 1.287801773724602927e-03 6.600535468873560026e-04 4.858562321367308496e-04
1.831339077532609849e+01 1.694930834558882882e-01 -2.893061885348664486e-01 3.773409862377211654e-01 1.262446631530578884e-03 6.473125475270712472e-04 4.765203601347314149e-04
1.838460020880746626e+01 1.686474468790289949e-01 -2.878643512082372236e-01 3.757099943673291031e-01 1.265410693379716506e-03 6.485833210673221366e-04 4.776598713942540242e-04
1.845580964228883403e+01 1.655901304379556183e-01 -2.811490182035343843e-01 3.661353239177926877e-01 1.228720419424033251e-03 6.299102575969598404e-04 4.635823432058716891e-04
1.852701907577020535e+01 1.632989800581519657e-01 -2.759868733527280904e-01 3.596377287116667154e-01 1.205227044882499531e-03 6.182645448656480308e-04 4.550300856151433780e-04
1.859822850925157312e+01 1.655486436668306693e-01 -2.826740342258636796e-01 3.695172736888625020e-01 1.215044515635501721e-03 6.229058969760639403e-04 4.586940896268800784e-04
1.866943794273294088e+01 1.635336209804290619e-01 -2.775323908543474438e-01 3.639431266531824583e-01 1.205091510364664307e-03 6.181922164443812368e-04 4.551810993501147554e-04
1.874064737621430865e+01 1.605738074562552964e-01 -2.715914802748295442e-01 3.557967641641709977e-01 1.173036013755422279e-03 6.017673603921225170e-04 4.429529711864872254e-04
1.881185680969567997e+01 1.577323506516365437e-01 -2.647742348776224719e-01 3.475844811117488886e-01 1.140774242082633668e-03 5.855703417484777080e-04 4.308664751604442665e-04
1.888306624317704774e+01 1.572396502660361461e-01 -2.644248667331079439e-01 3.475511675874005113e-01 1.141171288000057465e-03 5.857638088243344353e-04 4.312327141847659942e-04
1.895427567665841551e+01 1.572743178383642082e-01 -2.662526170364032940e-01 3.486062036407868159e-01 1.150909110185273322e-03 5.901305634548772820e-04 4.347068033206052213e-04
1.902548511013978327e+01 1.552464881162916588e-01 -2.611275813923720768e-01 3.431869701042105647e-01 1.114673776568028902e-03 5.722556835773582673e-04 4.213357731357203245e-04
1.909669454362115459e+01 1.547389506777092638e-01 -2.603767108738924696e-01 3.430758720082935920e-01 1.118297563506600841e-03 5.738707823225005968e-04 4.228748967097054621e-04
1.916790397710252236e+01 1.535267621055136367e-01 -2.581671329446530994e-01 3.402818970540324450e-01 1.111480270064397688e-03 5.703575956632057865e-04 4.201796416542495530e-04
1.923911341058389013e+01 1.504756303467808531e-01 -2.511764197559454570e-01 3.313302423377315065e-01 1.070710512120518409e-03 5.499814792792272590e-04 4.051010875877780098e-04
1.931032284406525790e+01 1.497059768967060889e-01 -2.500505026736078440e-01 3.286090707592276283e-01 1.066007456100493637e-03 5.475025556290957426e-04 4.033879047895001096e-04
1.938153227754662922e+01 1.492435885052787181e-01 -2.501369405155938752e-01 3.296299452815208975e-01 1.061284921894893986e-03 5.448437160323624587e-04 4.014448550093239077e-04
1.945274171102799698e+01 1.474539969457829003e-01 -2.455601282933848606e-01 3.232730588095895641e-01 1.042684562492488020e-03 5.355827913501043109e-04 3.944573597135775768e-04
1.952395114450936475e+01 1.468845531501702939e-01 -2.445459605518981727e-01 3.235481776310328850e-01 1.035357746278831254e-03 5.317477216562459946e-04 3.916634636815013375e-04
1.959516057799073252e+01 1.458969202409013122e-01 -2.428236399844255489e-01 3.215934642636152363e-01 1.021745956510086966e-03 5.250272945256382121e-04 3.866698000648693566e-04
1.966637001147210384e+01 1.450574043395119472e-01 -2.415913585940887010e-01 3.199913550116823546e-01 1.022467861643297721e-03 5.250689633167717916e-04 3.871087166896315722e-04
1.973757944495347161e+01 1.439539083286739130e-01 -2.397072869756567415e-01 3.169213945419011580e-01 1.008612773053254317e-03 5.180885701448651208e-04 3.818609256078688138e-04
1.980878887843483938e+01 1.436184752432548006e-01 -2.391946300909858214e-01 3.169926566072533980e-01 1.003470007376580913e-03 5.154243106405614547e-04 3.798044118713312821e-04
1.987999831191620714e+01 1.398763723121680680e-01 -2.305732841261545207e-01 3.051792095411920425e-01 9.618036776779366687e-04 4.945630177092353924e-04 3.642951469087706787e-04
1.995120774539757846e+01 1.395248145999825606e-01 -2.304917134618768293e-01 3.057666748809598767e-01 9.767488382810974711e-04 5.018149900942010192e-04 3.698294991425215444e-04
2.002241717887894623e+01 1.415021213786312460e-01 -2.356145384856666303e-01 3.124641546650456791e-01 9.817559941975723126e-04 5.041121441660178018e-04 3.717405726258513738e-04
2.009362661236031400e+01 1.400696489311475945e-01 -2.335593748243409984e-01 3.102805040022327265e-01 9.911888055414001288e-04 5.085955212978475861e-04 3.752982145020247956e-04
2.016483604584168177e+01 1.379863565145341142e-01 -2.288072267230110146e-01 3.036243144727370225e-01 9.501294668565167393e-04 4.881103986964223265e-04 3.599193454326802839e-04
2.023604547932305309e+01 1.361903170477977987e-01 -2.247423190456118158e-01 2.988185237044690412e-01 9.465038453487498908e-04 4.861835925895835811e-04 3.585229388133519355e-04
2.030725491280442085e+01 1.355425121218447326e-01 -2.233506394152535990e-01 2.969114534787443693e-01 9.376180454048458788e-04 4.815230704911584061e-04 3.550115253288965603e-04
2.037846434628578862e+01 1.350134130047621339e-01 -2.232280957314065062e-01 2.966702743630288408e-01 9.333186197060458489e-04 4.793305515987619260e-04 3.535396119735918557e-04
2.044967377976715639e+01 1.339786622218950007e-01 -2.208060718582471049e-01 2.946325920013068145e-01 9.147261428140223641e-04 4.700805979856194621e-04 3.465605599887849322e-04
2.052088321324852771e+01 1.338096374596581262e-01 -2.206776248311542454e-01 2.954832515856146147e-01 9.244829835827826203e-04 4.748093442764287362e-04 3.504333818503895621e-04
2.059209264672989548e+01 1.325795263184355033e-01 -2.185196284924037502e-01 2.921707239869513750e-01 9.044087593184325577e-04 4.647185964149516376e-04 3.427917170868342530e-04
2.066330208021126325e+01 1.317295588616655688e-01 -2.166162016800086687e-01 2.894714008447591413e-01 8.994805040029714384e-04 4.621004276004218240e-04 3.409054264803663926e-04
2.073451151369263101e+01 1.311855730446299662e-01 -2.155284771675142486e-01 2.884112689816388797e-01 8.969922421911542777e-04 4.608016461537905702e-04 3.400210947679414624e-04
2.080572094717400233e+01 1.283398293918495137e-01 -2.090859875893823772e-01 2.796801155270300376e-01 8.569337391434141615e-04 4.408454674957025619e-04 3.249471836535937071e-04
2.087693038065537010e+01 1.290176912182580127e-01 -2.111235104578243205e-01 2.825373775443334456e-01 8.785760824710773294e-04 4.513397765743637166e-04 3.330430465245437554e-04
2.094813981413673787e+01 1.283165877697088619e-01 -2.102010559209611384e-01 2.818723958256020290e-01 8.628432285415367888e-04 4.434237468884686339e-04 3.270735823150174308e-04
2.101934924761810564e+01 1.280585150356298718e-01 -2.102119682056854677e-01 2.827590153579945809e-01 8.679454374447628795e-04 4.459338028210474078e-04 3.290867949108798769e-04
2.109055868109947696e+01 1.277654817230642892e-01 -2.091377490585926147e-01 2.815971920543063889e-01 8.575156039582303158e-04 4.407996416131954812e-04 3.252870716837178312e-04
2.116176811458084472e+01 1.256510287052732266e-01 -2.049970793124746005e-01 2.753702751277024019e-01 8.356920627201272359e-04 4.297654822095611023e-04 3.171345006852899977e-04
2.123297754806221249e+01 1.246678037393161159e-01 -2.029428680821684094e-01 2.732584153842972929e-01 8.253888559736042045e-04 4.245335616958279207e-04 3.131721021455541299e-04
2.130418698154358026e+01 1.226322593914814102e-01 -1.987114006774453323e-01 2.679753721339120931e-01 8.160505555147286403e-04 4.197091193764776592e-04 3.096026758340491192e-04
2.137539641502495158e+01 1.233535698521627949e-01 -2.006396085644204519e-01 2.705559968083509070e-01 8.274230580653201125e-04 4.252044290264089528e-04 3.139092995872490711e-04
